Annotations:
Object: 3002
Corner_0: (-0.04355405643582344, -0.014397798106074333, -0.6054233908653259)
Corner_1: (-0.04633404687047005, -0.025078458711504936, -0.6035168170928955)
Corner_2: (-0.030883895233273506, -0.028751973062753677, -0.6015679240226746)
Corner_3: (-0.0281039047986269, -0.018071312457323074, -0.6034745573997498)
Corner_4: (-0.04170433059334755, -0.019068565219640732, -0.6288917660713196)
Corner_5: (-0.044484321027994156, -0.029749225825071335, -0.6269851326942444)
Corner_6: (-0.029034169390797615, -0.033422742038965225, -0.6250362992286682)
Corner_7: (-0.02625417895615101, -0.022742079570889473, -0.6269428730010986)
Relative Position: <Vector (-0.0373, -0.0277, -0.6145)>
Color: Red

Object: 3001
Corner_0: (0.05844596028327942, -0.13681909441947937, -0.9235180020332336)
Corner_1: (0.0665377601981163, -0.13801640272140503, -0.9158675670623779)
Corner_2: (0.06337989121675491, -0.15367645025253296, -0.9149783253669739)
Corner_3: (0.05528809130191803, -0.1524791419506073, -0.9226287603378296)
Corner_4: (0.037242110818624496, -0.1312200427055359, -0.900214672088623)
Corner_5: (0.04533391073346138, -0.13241733610630035, -0.8925642371177673)
Corner_6: (0.04217604547739029, -0.14807738363742828, -0.8916749358177185)
Corner_7: (0.03408424183726311, -0.14688009023666382, -0.899325430393219)
Relative Position: <Vector (0.0532, -0.1429, -0.9049)>
Color: Blue

Object: 3022
Corner_0: (0.11952171474695206, -0.08259177953004837, -0.8167456984519958)
Corner_1: (0.12362373620271683, -0.08505936712026596, -0.8163928985595703)
Corner_2: (0.11567793041467667, -0.09734147042036057, -0.8099110722541809)
Corner_3: (0.1115759089589119, -0.09487388283014297, -0.8102638721466064)
Corner_4: (0.12195119261741638, -0.07646849006414413, -0.8021647930145264)
Corner_5: (0.12605321407318115, -0.07893607765436172, -0.8018119931221008)
Corner_6: (0.11810740828514099, -0.09121818095445633, -0.7953301668167114)
Corner_7: (0.11400538682937622, -0.08875059336423874, -0.795682966709137)
Relative Position: <Vector (0.1195, -0.0873, -0.8060)>
Color: Green

